6.5125e-05 0.025815 0.031637 0.041081 0.00074242 0.0081666 0.019381 0.010094 0.044571 0.0002605 0.013767 0.10518 0.023862 0.19746 0.0002084 0.021999 5.21e-05 0.10208 0.091565 0.13401 0.0074763 0.021947 0.009912 0.0004168 0.027626 0.0024357 0.058195
0.058777 0.025715 0 0.00048981 0.2498 0 6.1226e-05 0.00036735 0.03698 0.0052654 0 0.11761 0.00079593 6.1226e-05 0.1489 0 0 0.058042 0.018735 0.007041 0.16231 0.00073471 6.1226e-05 0 0.084614 0 0.023633
0.14156 0 0.015381 0 0.15269 0 0 0.16799 0.052359 0 0.093986 0.035457 0 0 0.16441 0 0.0007154 0.059378 0.0015649 0.054102 0.040778 0 0 0 0.0066175 0.00031299 0.012698
0.033448 0.00012108 3.027e-05 0.012411 0.15035 0.00224 0.0038443 0.00039351 0.081396 0.00018162 0.00015135 0.016527 0.0018162 0.0054183 0.051731 0.00015135 0 0.023459 0.035476 0.0006054 0.011926 0.0029665 0.0014227 0 0.011593 0 0.55234
0.060277 0.0015511 0.018538 0.086113 0.043412 0.0081946 0.0091383 0.0027097 0.012951 0.00022425 0.00095308 0.037544 0.022108 0.083282 0.0021397 0.0089795 0.0054475 0.13943 0.075984 0.029601 0.00087832 0.018314 0.0082226 0.0072041 0.011624 0.00057932 0.3046
0.060885 0 0 0 0.070459 0.040675 5.0653e-05 0 0.09305 0 0 0.041536 0.00010131 0 0.16944 0 0 0.080387 0.0018235 0.045892 0.037534 0 5.0653e-05 0 0.0016716 0 0.35645
0.061323 0.00015956 0 0.00015956 0.11983 0.00026593 0.01569 0.14722 0.043293 0 0 0.039517 0.0015424 0.018668 0.067706 0 0 0.062706 0.031965 0.0071269 0.021434 0 0.00079779 0 0.0036166 0 0.35698
0.18947 0.00027785 0 0.00034322 0.43334 0.00047397 1.6344e-05 4.9032e-05 0.15648 0 0 0.0011441 0.0011441 0.00080085 0.074136 0.00014709 9.8063e-05 0.013239 0.0016998 0.028536 0.013484 4.9032e-05 0.00071913 0 0.0058838 0 0.078467
0.015485 0.0081272 0.042529 0.034125 0.030723 0.020087 0.034217 0.00015392 0.00067727 0.00024628 0.01256 0.057291 0.04316 0.30477 0.032524 0.017717 0.00049256 0.038897 0.13105 0.12125 0.00069266 0.020518 1.5392e-05 0.0020472 0 0.0035557 0.027091
0.20686 0 0 0 0.22356 0 0 0 0.017625 0 0 0 0 0 0.30334 0 0 0 0 0 0.24861 0 0 0 0 0 0
0.0061224 0.00087464 0 0 0.40306 0.0023324 0.00043732 0.00072886 0.14504 0 0 0.026531 0.00072886 0.08105 0.0037901 0.00014577 0 0.0020408 0.090671 0 0.0058309 0 0.0029155 0 0.015598 0 0.2121
0.088622 0.0011946 0.001024 0.058659 0.20521 0.015311 0.00056074 0 0.11186 0 0.0051442 0.14645 0.0092888 0.0010727 0.085038 0.0032669 0 0.0011215 0.020943 0.012044 0.018285 0.005193 0.0029744 0 0.090572 4.876e-05 0.11612
0.18271 0.021323 4.5758e-05 0 0.2648 0.0018303 0 0 0.076142 0 0 0.0029285 0.025991 0.0045301 0.13352 0.050746 0 0.004347 0.030338 0.00022879 0.038483 9.1516e-05 0 0 0.035325 0 0.12661
0.026457 0.00064048 0.038396 0.1802 0.08791 0.0042534 0.16385 0.0010182 0.03071 0.00055837 0.010576 0.011644 0.0010182 0.0090324 0.069188 0.00055837 0.0010839 0.0011824 0.040564 0.088714 0.0046968 0.0044505 0.0022006 0.00052552 0.011693 0.00011496 0.20876
0.019047 0.0084473 0.010747 0.021553 0.005322 0.10796 0.0050861 0.0029337 0.011809 0.00053072 0.013342 0.03516 0.058851 0.13666 0.041072 0.014978 0.00020639 0.1166 0.030929 0.043844 0.12504 0.015347 0.060502 0.00063392 0.0058822 0.00047175 0.10704
0.11119 0.00042509 6.0728e-05 0 0.21121 0.00012146 0 0.019433 0.07433 0 0.00060728 0.076274 0.0032793 0.00018218 0.15066 0.048946 0 0.10755 0.026963 0.055748 0.035586 0 0.0018826 0 0.0030971 0 0.072448
0 0 0 0 0 0 0 0 0 0 0 0 0 0 0 0 0 0 0 0 1 0 0 0 0 0 0
0.070516 0.009155 0.011858 0.036825 0.24045 0.0035637 0.0084586 0.0026216 0.08647 0 0.013435 0.01194 0.021833 0.024434 0.097673 0.012944 0.00014337 0.016712 0.051489 0.048683 0.018044 0.0067382 0.0028264 4.0962e-05 0.033138 2.0481e-05 0.16999
0.038707 0.00042477 0.014761 0.00033628 0.11892 0.00076105 0.00023008 0.060512 0.049858 1.7699e-05 0.0087432 0.01361 0.009168 0.004053 0.061698 0.031681 0.0018407 7.0795e-05 0.042849 0.15382 0.033769 0 0.0089202 0 0.003115 0 0.34214
0.042507 8.4893e-05 0.0049844 1.2128e-05 0.086991 0.0004851 3.6383e-05 0.38056 0.060638 0 0 0.014007 0.00072765 0.0010308 0.088228 6.0638e-05 0 0.025977 0.022763 0.016797 0.021041 0 0.0073857 0 0.011558 9.702e-05 0.21403
0.01933 0.028844 0.05263 0.021218 0.046929 0.0056632 0.050704 0 0.020652 0 0.0020387 0.096425 0.03043 0.12255 0.011289 0.057802 0 0.12063 0.1176 0.15559 3.7754e-05 0.00098161 3.7754e-05 0.00037754 0.00030203 0.00067958 0.037264
0.08755 0 0 0 0.66997 0 0 0 0.17428 0 0 0 0 0 0.06027 0 0 0.00034973 0 0 0.0020984 0 0 0 0.0054791 0 0
0.18503 9.4162e-05 4.7081e-05 0.0026836 0.12721 0.001177 0 0.27265 0.16478 0 0.0014124 0.0088983 0 0.047316 0.08065 9.4162e-05 0 0.0088512 0.016902 0.00042373 0.0009887 0 0 0 0.0007533 0 0.080038
0.090817 0 0.16347 0 0.11604 0 0 0.034309 0.090817 0 0 0.0010091 0.012109 0 0.0080727 0.18163 0.0010091 0 0 0.22099 0.0070636 0.0010091 0 0.0020182 0.0060545 0 0.063572
0.020863 0.0016604 0.00043315 0.0010829 0.11897 0.00064973 0.00014438 0.0012995 0.02108 0 0 0.0022379 0.0044759 0.0010829 0.099625 0.0035374 0 0.0023823 0.043243 0.0058475 0 0 0.0019492 0 0 0 0.66943
0.079745 0.0079745 0 0 0.45455 0 0 0.0015949 0.17703 0 0 0.031898 0 0 0.11962 0 0 0 0 0 0.011164 0 0 0 0.038278 0.068581 0.0095694
0.11039 0.049733 0.035863 0.02583 0.017051 0.037579 0.015727 0.062577 0.066982 0.0037249 0.0042831 0.026272 0.037893 0.02137 0.066911 0.026526 0.0030296 0.016995 0.081709 0.16335 0.012149 0.0070184 0.066408 2.5374e-05 0.011438 0.00015224 0.029023
